Step 0: (3.02137,-3.14628) (-0.549823,-4.03351) (-3.66005,1.55328) (4.48397,-4.96872) (1.02114,-4.92438) 
Step 1: (3.07731,-3.12691) (-0.557973,-4.06677) (-3.74877,1.59768) (4.58241,-4.94522) (0.925757,-4.91943) 
Step 2: (3.13324,-3.10754) (-0.566123,-4.10003) (-3.83748,1.64208) (4.68085,-4.92172) (0.830369,-4.91447) 
Step 3: (3.18918,-3.08817) (-0.574273,-4.13328) (-3.9262,1.68648) (4.7793,-4.89823) (0.734982,-4.90952) 
Step 4: (3.24512,-3.0688) (-0.582424,-4.16654) (-4.01492,1.73088) (4.87774,-4.87473) (0.639594,-4.90456) 
Step 5: (3.30106,-3.04943) (-0.590574,-4.1998) (-4.10364,1.77528) (4.97618,-4.85123) (0.544207,-4.89961) 
Step 6: (3.357,-3.03006) (-0.598724,-4.23306) (-4.19236,1.81968) (5.07462,-4.82774) (0.448819,-4.89465) 
Step 7: (3.41294,-3.01069) (-0.606874,-4.26632) (-4.28107,1.86408) (4.97618,-4.80424) (0.353432,-4.8897) 
Step 8: (3.46887,-2.99132) (-0.615024,-4.29958) (-4.36979,1.90848) (4.87774,-4.78075) (0.258044,-4.88474) 
Step 9: (3.52481,-2.97195) (-0.623175,-4.33283) (-4.45851,1.95288) (4.7793,-4.75725) (0.162656,-4.87979) 
Step 10: (3.58075,-2.95258) (-0.631325,-4.36609) (-4.54723,1.99728) (4.68085,-4.73375) (0.067269,-4.87483) 
Step 11: (3.63669,-2.93321) (-0.639475,-4.39935) (-4.63594,2.04168) (4.58241,-4.71026) (-0.0281185,-4.86988) 
Step 12: (3.69263,-2.91384) (-0.647625,-4.43261) (-4.72466,2.08608) (4.48397,-4.68676) (-0.123506,-4.86492) 
Step 13: (3.74856,-2.89447) (-0.655776,-4.46587) (-4.81338,2.13048) (4.38553,-4.66326) (-0.218894,-4.85997) 
Step 14: (3.8045,-2.8751) (-0.663926,-4.49912) (-4.9021,2.17488) (4.28708,-4.63977) (-0.314281,-4.85501) 
Step 15: (3.86044,-2.85573) (-0.672076,-4.53238) (-4.99081,2.21928) (4.18864,-4.61627) (-0.409669,-4.85006) 
Step 16: (3.91638,-2.83636) (-0.680226,-4.56564) (-5.07953,2.26368) (4.0902,-4.59278) (-0.505056,-4.8451) 
Step 17: (3.97232,-2.81699) (-0.688376,-4.5989) (-4.99081,2.30808) (3.99176,-4.56928) (-0.600444,-4.84015) 
Step 18: (4.02826,-2.79762) (-0.696527,-4.63216) (-4.9021,2.35248) (3.89332,-4.54578) (-0.695831,-4.83519) 
Step 19: (4.08419,-2.77825) (-0.704677,-4.66542) (-4.81338,2.39688) (3.79487,-4.52229) (-0.791219,-4.83024) 
Step 20: (4.14013,-2.75888) (-0.712827,-4.69867) (-4.72466,2.44128) (3.69643,-4.49879) (-0.886606,-4.82528) 
Step 21: (4.19607,-2.73951) (-0.720977,-4.73193) (-4.63594,2.48568) (3.59799,-4.47529) (-0.981994,-4.82033) 
Step 22: (4.25201,-2.72014) (-0.729128,-4.76519) (-4.54723,2.53008) (3.49955,-4.4518) (-1.07738,-4.81537) 
Step 23: (4.30795,-2.70077) (-0.737278,-4.79845) (-4.45851,2.57448) (3.4011,-4.4283) (-1.17277,-4.81042) 
Step 24: (4.36388,-2.6814) (-0.745428,-4.83171) (-4.36979,2.61888) (3.30266,-4.4048) (-1.26816,-4.80546) 
Step 25: (4.41982,-2.66203) (-0.753578,-4.86497) (-4.28107,2.66328) (3.20422,-4.38131) (-1.36354,-4.80051) 
Step 26: (4.47576,-2.64266) (-0.761728,-4.89822) (-4.19236,2.70768) (3.10578,-4.35781) (-1.45893,-4.79555) 
Step 27: (4.5317,-2.62329) (-0.769879,-4.93148) (-4.10364,2.75208) (3.00733,-4.33432) (-1.55432,-4.7906) 
Step 28: (4.58764,-2.60392) (-0.778029,-4.96474) (-4.01492,2.79648) (2.90889,-4.31082) (-1.64971,-4.78564) 
Step 29: (4.64358,-2.58455) (-0.786179,-4.998) (-3.9262,2.84088) (2.81045,-4.28732) (-1.74509,-4.78069) 
Step 30: (4.69951,-2.56518) (-0.794329,-5.03126) (-3.83748,2.88528) (2.71201,-4.26383) (-1.84048,-4.77573) 
Step 31: (4.75545,-2.54581) (-0.80248,-4.998) (-3.74877,2.92968) (2.61357,-4.24033) (-1.93587,-4.77078) 
Step 32: (4.81139,-2.52644) (-0.81063,-4.96474) (-3.66005,2.97408) (2.51512,-4.21683) (-2.03126,-4.76582) 
Step 33: (4.86733,-2.50707) (-0.81878,-4.93148) (-3.57133,3.01848) (2.41668,-4.19334) (-2.12664,-4.76087) 
Step 34: (4.92327,-2.4877) (-0.82693,-4.89822) (-3.48261,3.06288) (2.31824,-4.16984) (-2.22203,-4.75591) 
Step 35: (4.97921,-2.46833) (-0.83508,-4.86497) (-3.3939,3.10728) (2.2198,-4.14635) (-2.31742,-4.75096) 
Step 36: (5.03514,-2.44896) (-0.843231,-4.83171) (-3.30518,3.15168) (2.12135,-4.12285) (-2.41281,-4.746) 
Step 37: (4.97921,-2.42959) (-0.851381,-4.79845) (-3.21646,3.19608) (2.02291,-4.09935) (-2.50819,-4.74105) 
Step 38: (4.92327,-2.41022) (-0.859531,-4.76519) (-3.12774,3.24048) (1.92447,-4.07586) (-2.60358,-4.73609) 
Step 39: (4.86733,-2.39085) (-0.867681,-4.73193) (-3.03903,3.28487) (1.82603,-4.05236) (-2.69897,-4.73114) 
Step 40: (4.81139,-2.37148) (-0.875832,-4.69867) (-2.95031,3.32927) (1.72758,-4.02886) (-2.79436,-4.72618) 
Step 41: (4.75545,-2.35211) (-0.883982,-4.66542) (-2.86159,3.37367) (1.62914,-4.00537) (-2.88974,-4.72123) 
Step 42: (4.69951,-2.33274) (-0.892132,-4.63216) (-2.77287,3.41807) (1.5307,-3.98187) (-2.98513,-4.71627) 
Step 43: (4.64358,-2.31337) (-0.900282,-4.5989) (-2.68416,3.46247) (1.43226,-3.95838) (-3.08052,-4.71132) 
Step 44: (4.58764,-2.294) (-0.908432,-4.56564) (-2.59544,3.50687) (1.33382,-3.93488) (-3.17591,-4.70636) 
Step 45: (4.5317,-2.27463) (-0.916583,-4.53238) (-2.50672,3.55127) (1.23537,-3.91138) (-3.27129,-4.70141) 
Step 46: (4.47576,-2.25526) (-0.924733,-4.49912) (-2.418,3.59567) (1.13693,-3.88789) (-3.36668,-4.69646) 
Step 47: (4.41982,-2.23589) (-0.932883,-4.46587) (-2.32928,3.64007) (1.03849,-3.86439) (-3.46207,-4.6915) 
Step 48: (4.36388,-2.21652) (-0.941033,-4.43261) (-2.24057,3.68447) (0.940046,-3.84089) (-3.55746,-4.68655) 
Step 49: (4.30795,-2.19715) (-0.949184,-4.39935) (-2.15185,3.72887) (0.841604,-3.8174) (-3.65284,-4.68159) 
Step 50: (4.25201,-2.17778) (-0.957334,-4.36609) (-2.06313,3.77327) (0.743162,-3.7939) (-3.74823,-4.67664) 
Step 51: (4.19607,-2.15841) (-0.965484,-4.33283) (-1.97441,3.81767) (0.644719,-3.7704) (-3.84362,-4.67168) 
Step 52: (4.14013,-2.13904) (-0.973634,-4.29958) (-1.8857,3.86207) (0.546277,-3.74691) (-3.93901,-4.66673) 
Step 53: (4.08419,-2.11967) (-0.981784,-4.26632) (-1.79698,3.90647) (0.447835,-3.72341) (-4.03439,-4.66177) 
Step 54: (4.02826,-2.1003) (-0.989935,-4.23306) (-1.70826,3.95087) (0.349392,-3.69992) (-4.12978,-4.65682) 
Step 55: (3.97232,-2.08093) (-0.998085,-4.1998) (-1.61954,3.99527) (0.25095,-3.67642) (-4.22517,-4.65186) 
Step 56: (3.91638,-2.06156) (-1.00624,-4.16654) (-1.53083,4.03967) (0.152508,-3.65292) (-4.32056,-4.64691) 
Step 57: (3.86044,-2.04219) (-1.01439,-4.13328) (-1.44211,4.08407) (0.0540654,-3.62943) (-4.41594,-4.64195) 
Step 58: (3.8045,-2.02282) (-1.02254,-4.10003) (-1.35339,4.12847) (-0.0443769,-3.60593) (-4.51133,-4.637) 
Step 59: (3.74856,-2.00345) (-1.03069,-4.06677) (-1.26467,4.17287) (-0.142819,-3.58243) (-4.60672,-4.63204) 
Step 60: (3.69263,-1.98408) (-1.03884,-4.03351) (-1.17595,4.21727) (-0.241262,-3.55894) (-4.70211,-4.62709) 
Step 61: (3.63669,-1.96471) (-1.04699,-4.00025) (-1.08724,4.26167) (-0.339704,-3.53544) (-4.79749,-4.62213) 
Step 62: (3.58075,-1.94534) (-1.05514,-3.96699) (-0.998519,4.30607) (-0.438146,-3.51195) (-4.89288,-4.61718) 
Step 63: (3.52481,-1.92597) (-1.06329,-3.93373) (-0.909801,4.35047) (-0.536588,-3.48845) (-4.98827,-4.61222) 
Step 64: (3.46887,-1.9066) (-1.07144,-3.90048) (-0.821084,4.39487) (-0.635031,-3.46495) (-5.08366,-4.60727) 
Step 65: (3.41294,-1.88723) (-1.07959,-3.86722) (-0.732366,4.43927) (-0.733473,-3.44146) (-4.98827,-4.60231) 
Step 66: (3.357,-1.86786) (-1.08774,-3.83396) (-0.643648,4.48367) (-0.831915,-3.41796) (-4.89288,-4.59736) 
Step 67: (3.30106,-1.84849) (-1.09589,-3.8007) (-0.554931,4.52807) (-0.930358,-3.39446) (-4.79749,-4.5924) 
Step 68: (3.24512,-1.82912) (-1.10404,-3.76744) (-0.466213,4.57247) (-1.0288,-3.37097) (-4.70211,-4.58745) 
Step 69: (3.18918,-1.80975) (-1.11219,-3.73418) (-0.377495,4.61687) (-1.12724,-3.34747) (-4.60672,-4.58249) 
Step 70: (3.13324,-1.79038) (-1.12034,-3.70093) (-0.288778,4.66127) (-1.22568,-3.32397) (-4.51133,-4.57754) 
Step 71: (3.07731,-1.77101) (-1.12849,-3.66767) (-0.20006,4.70567) (-1.32413,-3.30048) (-4.41594,-4.57258) 
Step 72: (3.02137,-1.75164) (-1.13664,-3.63441) (-0.111342,4.75007) (-1.42257,-3.27698) (-4.32056,-4.56763) 
Step 73: (2.96543,-1.73227) (-1.14479,-3.60115) (-0.0226245,4.79447) (-1.52101,-3.25349) (-4.22517,-4.56267) 
Step 74: (2.90949,-1.7129) (-1.15294,-3.56789) (0.0660932,4.83887) (-1.61945,-3.22999) (-4.12978,-4.55772) 
Step 75: (2.85355,-1.69353) (-1.16109,-3.53463) (0.154811,4.88327) (-1.7179,-3.20649) (-4.03439,-4.55276) 
Step 76: (2.79762,-1.67416) (-1.16924,-3.50138) (0.243529,4.92767) (-1.81634,-3.183) (-3.93901,-4.54781) 
Step 77: (2.74168,-1.65479) (-1.17739,-3.46812) (0.332246,4.97207) (-1.91478,-3.1595) (-3.84362,-4.54285) 
Step 78: (2.68574,-1.63542) (-1.18554,-3.43486) (0.420964,5.01647) (-2.01322,-3.136) (-3.74823,-4.5379) 
Step 79: (2.6298,-1.61605) (-1.19369,-3.4016) (0.509682,4.97207) (-2.11167,-3.11251) (-3.65284,-4.53294) 
Step 80: (2.57386,-1.59668) (-1.20184,-3.36834) (0.598399,4.92767) (-2.21011,-3.08901) (-3.55746,-4.52799) 
Step 81: (2.51792,-1.57731) (-1.20999,-3.33509) (0.687117,4.88327) (-2.30855,-3.06552) (-3.46207,-4.52303) 
Step 82: (2.46199,-1.55794) (-1.21814,-3.30183) (0.775835,4.83887) (-2.40699,-3.04202) (-3.36668,-4.51808) 
Step 83: (2.40605,-1.53857) (-1.22629,-3.26857) (0.864552,4.79447) (-2.50543,-3.01852) (-3.27129,-4.51312) 
Step 84: (2.35011,-1.5192) (-1.23444,-3.23531) (0.95327,4.75007) (-2.60388,-2.99503) (-3.17591,-4.50817) 
Step 85: (2.29417,-1.49983) (-1.24259,-3.20205) (1.04199,4.70567) (-2.70232,-2.97153) (-3.08052,-4.50321) 
Step 86: (2.23823,-1.48046) (-1.25074,-3.16879) (1.13071,4.66127) (-2.80076,-2.94803) (-2.98513,-4.49826) 
Step 87: (2.1823,-1.46109) (-1.25889,-3.13554) (1.21942,4.61687) (-2.8992,-2.92454) (-2.88974,-4.4933) 
Step 88: (2.12636,-1.44172) (-1.26704,-3.10228) (1.30814,4.57247) (-2.99765,-2.90104) (-2.79436,-4.48835) 
Step 89: (2.07042,-1.42235) (-1.27519,-3.06902) (1.39686,4.52807) (-3.09609,-2.87755) (-2.69897,-4.48339) 
Step 90: (2.01448,-1.40298) (-1.28334,-3.03576) (1.48558,4.48367) (-3.19453,-2.85405) (-2.60358,-4.47844) 
Step 91: (1.95854,-1.38361) (-1.29149,-3.0025) (1.57429,4.43927) (-3.29297,-2.83055) (-2.50819,-4.47348) 
Step 92: (1.9026,-1.36424) (-1.29964,-2.96924) (1.66301,4.39487) (-3.39142,-2.80706) (-2.41281,-4.46853) 
Step 93: (1.84667,-1.34487) (-1.30779,-2.93599) (1.75173,4.35047) (-3.48986,-2.78356) (-2.31742,-4.46357) 
Step 94: (1.79073,-1.3255) (-1.31594,-2.90273) (1.84045,4.30607) (-3.5883,-2.76006) (-2.22203,-4.45862) 
Step 95: (1.73479,-1.30613) (-1.32409,-2.86947) (1.92916,4.26167) (-3.68674,-2.73657) (-2.12664,-4.45366) 
Step 96: (1.67885,-1.28676) (-1.33224,-2.83621) (2.01788,4.21727) (-3.78518,-2.71307) (-2.03126,-4.44871) 
Step 97: (1.62291,-1.26739) (-1.34039,-2.80295) (2.1066,4.17287) (-3.88363,-2.68957) (-1.93587,-4.44375) 
Step 98: (1.56697,-1.24802) (-1.34854,-2.76969) (2.19532,4.12847) (-3.98207,-2.66608) (-1.84048,-4.4388) 
Step 99: (1.51104,-1.22865) (-1.35669,-2.73644) (2.28404,4.08407) (-4.08051,-2.64258) (-1.74509,-4.43384) 
